      0/49        0G   0.09614   0.02611         0    0.1223       167       640    0.0155   0.02857 0.0005092 0.0001242     0.132   0.04726         0
      1/49        0G   0.09745   0.02296         0    0.1204        84       640   0.01987   0.01905 0.0004802 0.0001288    0.1284   0.05017         0
      2/49        0G   0.09282   0.02543         0    0.1182        93       640   0.02404   0.01905 0.0006739  0.000146    0.1248   0.05401         0
      3/49        0G    0.0938   0.02469         0    0.1185       138       640   0.02447   0.01905 0.0006606 8.359e-05    0.1202    0.0585         0
      4/49        0G    0.0903   0.02224         0    0.1125        88       640   0.01116    0.0381    0.0012 0.0001792    0.1173   0.06241         0
      5/49        0G   0.08736   0.02443         0    0.1118       112       640   0.03205   0.02857  0.002193 0.0003788    0.1156     0.066         0
      6/49        0G   0.08484   0.02421         0    0.1091        58       640   0.03435   0.02857  0.003213 0.0005923    0.1143    0.0687         0
      7/49        0G   0.08513   0.02539         0    0.1105       151       640   0.02223    0.1143   0.00498 0.0009157    0.1106   0.07021         0
      8/49        0G     0.081    0.0257         0    0.1067        92       640   0.01769    0.1238   0.00525 0.0009886    0.1089   0.07115         0
      9/49        0G    0.0736   0.02371         0   0.09731        78       640    0.0232    0.1333  0.007156  0.001183    0.1051   0.07227         0
     10/49        0G   0.07745   0.02583         0    0.1033        90       640   0.04273    0.1238   0.01345  0.002182    0.1045   0.07302         0
     11/49        0G   0.07683   0.02274         0   0.09957        32       640   0.05864    0.1429   0.01984  0.003104    0.1067    0.0732         0
     12/49        0G   0.07718    0.0242         0    0.1014        74       640   0.08181    0.1429    0.0283  0.004791    0.1029   0.07447         0
     13/49        0G    0.0768   0.02875         0    0.1055       132       640    0.1094     0.181   0.04727  0.009476    0.1033   0.07527         0
     14/49        0G   0.07761   0.02483         0    0.1024       119       640     0.158     0.181   0.06202   0.01286   0.09941    0.0761         0
     15/49        0G   0.07227   0.02033         0    0.0926        21       640    0.1322    0.3143   0.08115    0.0157   0.09867   0.07772         0
     16/49        0G   0.06722   0.02291         0   0.09014        91       640    0.1596    0.3143    0.0948   0.01717   0.09787   0.07882         0
     17/49        0G   0.06821   0.02528         0   0.09349        81       640    0.1655    0.3905    0.1036   0.01866    0.1001   0.07934         0
     18/49        0G   0.07078   0.02468         0   0.09546       101       640    0.1536    0.4044    0.1139   0.02075   0.09795   0.07918         0
     19/49        0G    0.0736   0.02339         0   0.09699        96       640    0.1886    0.2856    0.1197   0.02126   0.09868   0.07951         0
     20/49        0G   0.07502   0.02128         0    0.0963       130       640    0.1917    0.4471     0.164   0.02868   0.09948   0.08087         0
     21/49        0G   0.06832   0.02357         0    0.0919        75       640    0.3027    0.2857    0.1841   0.03093   0.09728   0.08125         0
     22/49        0G   0.06921   0.02254         0   0.09175        54       640    0.2811    0.3048    0.1648   0.03435   0.09611   0.08003         0
     23/49        0G   0.06506   0.02076         0   0.08582        30       640    0.3462    0.3333    0.2309   0.05026   0.09421    0.0829         0
     24/49        0G   0.06826   0.02406         0   0.09231       105       640    0.3457    0.3238    0.2346   0.05048   0.09277   0.08304         0
     25/49        0G   0.06082   0.02132         0   0.08214        65       640    0.3036    0.3333    0.2414   0.05185   0.09262   0.08308         0
     26/49        0G   0.06408   0.02685         0   0.09093       107       640    0.4072    0.3619    0.3182   0.06094    0.0897   0.08301         0
     27/49        0G   0.06679   0.02062         0   0.08741        61       640    0.3519    0.3524    0.2487   0.05843   0.09307    0.0812         0
     28/49        0G   0.06148   0.02282         0   0.08431        75       640    0.3736    0.4261    0.2956   0.06636   0.08869   0.07921         0
     29/49        0G   0.06247   0.02524         0    0.0877        86       640    0.4254    0.4654    0.3682   0.09048   0.08635   0.07913         0
     30/49        0G   0.06121   0.02236         0   0.08357       107       640    0.3769    0.4667    0.3586   0.09167   0.08446   0.07905         0
     31/49        0G    0.0621   0.02418         0   0.08628       153       640    0.3573    0.4571    0.2849   0.06495   0.08198   0.07877         0
     32/49        0G   0.05705   0.02451         0   0.08156        71       640    0.4653    0.5238    0.4323     0.126   0.08443   0.07825         0
     33/49        0G   0.06036   0.02195         0   0.08231       104       640    0.3517    0.6381     0.348   0.08234   0.08018   0.07756         0
     34/49        0G   0.05901   0.02151         0   0.08051        85       640    0.4947    0.5143      0.47    0.1323   0.07966   0.07751         0
     35/49        0G   0.05518    0.0178         0   0.07298       136       640     0.421    0.6094    0.4462    0.1115   0.08149   0.07645         0
     36/49        0G   0.06354   0.02086         0   0.08439        43       640     0.411    0.6571    0.4631    0.1193   0.07716   0.07575         0
     37/49        0G   0.06077   0.01921         0   0.07998        57       640    0.6188    0.5429    0.5838    0.1852   0.07502    0.0765         0
     38/49        0G   0.05628   0.01995         0   0.07623        51       640    0.4996    0.6952    0.5877    0.1705   0.07364   0.07659         0
     39/49        0G   0.05866   0.02101         0   0.07967        65       640    0.6209    0.5615    0.5911    0.1671   0.07516   0.07673         0
     40/49        0G   0.05874   0.02263         0   0.08136       157       640    0.6037       0.6    0.6198    0.1992   0.07534   0.07658         0
     41/49        0G   0.05829   0.01944         0   0.07773       101       640     0.598       0.6    0.6101    0.1937   0.07713   0.07665         0
     42/49        0G   0.05939   0.02004         0   0.07944       173       640    0.7836    0.5172    0.6437    0.2099   0.07469   0.07686         0
     43/49        0G   0.05563   0.01931         0   0.07494        77       640    0.8225    0.5333    0.6627    0.2268   0.07825   0.07676         0
     44/49        0G   0.05638   0.01971         0   0.07609        64       640    0.6991    0.5312    0.5975    0.1751   0.07569   0.07567         0
     45/49        0G   0.05695   0.02038         0   0.07733        59       640    0.7109    0.6089    0.6725    0.2362     0.072   0.07605         0
     46/49        0G   0.05852   0.02199         0   0.08051       179       640    0.6794    0.6286    0.6725    0.2271   0.06812   0.07639         0
     47/49        0G   0.06085   0.01895         0   0.07979        72       640    0.6598     0.628    0.6515    0.2263   0.07199   0.07615         0
     48/49        0G   0.05714   0.01798         0   0.07512        85       640    0.6817     0.619    0.6807    0.2262   0.07355   0.07654         0
     49/49        0G   0.05484   0.01811         0   0.07295        45       640    0.7235    0.6286    0.7099    0.2397   0.06943   0.07674         0
